EC= 3.442331103932664E-01 QR= 1.036734913775784E+08 IN= 2.515525144198502E+01
OM= 2.362379803959657E+02 W = 2.555046145241498E+02 Tp=  2458158.720849720296
N = 1.050028508085713E-05 MA= 1.404194574969259E+02 TA= 1.589559248433168E+02
A = 1.580950380702383E+08 AD= 2.125165847628983E+08 PR= 3.428478343471923E+07
